"doi","exemplar","type","key","value"
"KEYISDBQ","1","length","total_length","151390"
